129,3
129,2
129,1
129,0
128,5
128,4
128,3
128,2
128,1
128,0
127,5
127,4
127,3
127,2
127,1
127,0
126,6
126,5
126,4
126,3
126,2
126,1
126,0
125,6
125,5
125,4
125,3
125,2
125,1
125,0
124,5
124,4
124,3
124,2
124,1
124,0
123,5
123,4
123,3
123,2
123,1
123,0
122,5
122,4
122,3
122,2
122,1
122,0
121,4
121,3
121,2
121,1
121,0
113,4
113,3
113,2
113,1
113,0
112,4
112,3
112,2
112,1
112,0
4,3
4,2
4,1
4,0
3,6
3,5
3,4
3,3
3,2
3,1
3,0
2,3
2,2
2,1
2,0
1,3
1,2
1,1
1,0
0,410
0,324
0,243
0,9
0,0
0,1
0,433
0,300
0,432
0,299
0,431
0,298
0,430
0,297
0,429
0,296
0,428
0,295
0,427
0,294
0,426
0,293
0,425
0,292
0,424
0,291
0,423
0,290
0,422
0,289
0,421
0,288
0,420
0,287
0,419
0,286
0,418
0,285
0,417
0,284
0,416
0,283
0,415
0,282
0,414
0,281
0,413
0,280
0,412
0,279
0,411
0,278
0,409
0,277
0,408
0,276
0,407
0,275
0,406
0,274
0,405
0,273
0,404
0,272
0,403
0,271
0,402
0,270
0,401
0,269
0,400
0,268
0,399
0,267
0,398
0,266
0,397
0,265
0,396
0,264
0,395
0,263
0,394
0,262
0,393
0,261
0,392
0,260
0,391
0,259
0,390
0,258
0,389
0,257
0,388
0,256
0,387
0,255
0,386
0,254
0,435
0,253
0,385
0,252
0,384
0,251
0,310
0,250
0,383
0,249
0,382
0,248
0,381
0,247
0,380
0,246
0,379
0,245
0,378
0,244
0,377
0,242
0,376
0,241
0,375
0,240
0,374
0,239
0,373
0,238
0,372
0,237
0,371
0,236
0,370
0,235
0,369
0,234
0,368
0,233
0,367
0,232
0,366
0,231
0,365
0,230
0,364
0,229
0,434
0,228
0,363
0,227
0,362
0,226
0,361
0,225
0,360
0,224
0,359
0,223
0,358
0,222
0,357
0,221
0,356
0,220
0,355
0,219
0,354
0,218
0,353
0,217
0,352
0,216
0,351
0,215
0,350
0,214
0,349
0,213
0,348
0,212
0,347
0,211
0,346
0,210
0,345
0,209
0,344
0,208
0,343
0,207
0,342
0,206
0,341
0,205
0,340
0,204
0,339
0,203
0,338
0,202
0,337
0,201
0,336
0,200
0,334
0,199
0,332
0,198
0,333
0,197
0,437
0,196
0,335
0,195
0,439
0,194
0,325
0,193
0,328
0,192
0,323
0,63
0,322
0,62
0,321
0,61
0,320
0,60
0,319
0,59
0,327
0,58
0,318
0,57
0,317
0,56
0,326
0,55
0,316
0,54
0,315
0,53
0,438
0,52
0,313
0,51
0,312
0,50
0,436
0,49
0,330
0,48
0,309
0,47
0,46
0,307
0,45
0,301
0,6
0,5
0,304
0,303
0,306
0,305
0,302
0,12
0,10
0,8
0,11
0,4
0,2
0,3
0,7
